Tom 北京市 123456789 1980/01/01 123456@163.com 2020/07/15 20.30 2020/07/16
jerry 上海市 987654321 1980 02 01 162@163.com 2020
jhg home 1515 1412 152 1452145 266 66
iu krone 369 258 26 26 26 26
yu jj 5 265 148 230 22 11
tl home 123789 2000/01/02 128@163.com 2020/06/25 20.30 1
kl 1 1 1 1 1 1 1
tl 1 1 1 1 1 1 1
ad 1 1 1 1 1 1 1
as 1 1 1 1 1 1 1
aq 1 1 1 1 1 1 1
ap 1 1 1 1 11 1 1
aw 1 1 1 1 1 1 1
ae 1 1 1 1 1 1 1
ap 1 1 1 1 1 1 1
za 1 1 1 1 1 1 1
zs 1 1 1 1 1 1 1
zd 1 1 1 1 1 1 1
zf 1 1 1 1 1 1 1
zg 1 1 1 1 1 1 1
zh 1 1 1 1 1 1 1
zj 1 1 1 1 1 1 1
zk 1 1 1 1 1 1 1
zl 1 1 1 1 1 1 1
zq 1 1 1 1 1 1 1
zw 1 1 1 1 1 1 1
ze 1 1 1 1 1 1 1
zr 1 1 1 1 1 1 1
zt 1 1 1 1 1 1 1
zy 1 1 1 1 1 1 1
zu 1 1 1 1 1 1 1
zi 1 1 1 1 1 1 1
zo 1 1 1 1 1 1 1
zp 1 1 1 1 1 1 1
zz 1 1 1 1 1 1 1
zx 1 1 1 1 1 1 1
z 1 1 1 1 1 1 1
zc 1 1 1 1 1 1 1
zv 1 1 1 1 1 1 1
zb 1 1 1 1 1 1 1
zn 1 1 1 1 1 1 1
zm 1 1 1 1 1 1 1
qa 1 1 1 1 1 1 1
qs 1 1 1 1 1 1 1
qd 1 1 1 1 1 1 1
qf 1 1 1 1 1 1 1
qg 1 1 1 1 1 1 1
qh 1 1 1 1 1 1 1
qj 1 1 1 1 1 1 1
qk 1 1 1 1 1 1 1
ql 1 1 1 1 1 1 1
qq 1 1 1 1 1 1 1
qw 1 1 1 1 1 1 1
qe 1 1 1 1 1 1 1
qr 1 1 1 1 1 1 1
qt 1 1 1 1 1 1 1
qy 1 1 1 1 1 1 1
qu 1 1 1 1 1 1 1
qi 1 1 1 1 1 1 1
qo 1 1 1 1 1 1 1
qp 1 1 1 1 1 1 1
qz 1 1 1 1 1 1 1
qx 1 1 1 1 1 1 1
q 1 1 1 1 1 1 1
qc 1 1 1 1 1 1 1
qv 1 1 1 1 1 1 1
qb 1 1 1 1 1 1 1
qn 1 1 1 1 1 1 1
qm 1 1 1 1 1 1 1
we 1 1 1 1 1 1 1
wr 1 1 1 1 1 1 1
wt 1 1 1 1 1 1 1
wy 1 1 1 1 1 1 1
wu 1 1 1 1 1 1 1
wi 1 1 1 1 1 1 1
wo 1 1 1 1 1 1 1
wp 1 1 1 1 1 1 1
wa 1 1 1 1 1 1 1
ws 1 1 1 1 1 1 1
wd 1 1 1 1 1 1 1
wf 1 1 1 1 1 1 1
wg 1 1 1 1 1 1 1
wh 1 1 1 1 1 1 1
wj 1 1 1 1 1 1 1
wk 1 1 1 1 1 1 1
wl 1 1 1 1 1 1 1
wz 1 1 1 1 1 1 1
wx 1 1 1 1 1 1 1
wc 1 1 1 1 1 1 1
wv 1 1 1 1 1 1 1
wb 1 1 1 1 1 1 1
wn 1 1 1 1 1 1 1
wm 1 1 1 1 1 1 1
ba 1 1 1 1 1 1 1
bw 1 1 1 1 1 1 1
be 1 1 1 1 1 1 1
br 1 1 1 1 1 1 1
bu 1 1 1 1 1 1 1
uzi 1 1 1 1 1 1 1
pary home 12 12 12 12 12 12
jkl 2 2 2 2 1 1 1
jkll 2 2 2 2 1 1 1
wn 1 1 1 1 1 1 1
wm 1 1 1 1 1 1 1
ba 1 1 1 1 1 1 1
bw 1 1 1 1 1 1 1
be 1 1 1 1 1 1 1
br 1 1 1 1 1 1 1
bu 1 1 1 1 1 1 1
刘佳宜 绿都 123456 2002/4/7 123@qq.com gsgse gg aetsh
